5.409225
3.537706
2.982730
2.042253
4.557657
4.216313
4.616535
5.059020
2.888909
6.145830
4.986008
1.913566
4.167414
3.682751
3.397225
2.738219
6.039885
4.818050
4.312361
4.267832
4.690172
3.931887
4.395341
5.231755
2.838639
2.682170
7.513870
3.999954
7.481306
8.109479
4.254314
2.111547
5.076571
5.553461
3.098541
9.758562
3.718793
8.950778
5.694052
3.825237
2.877611
9.468624
7.719360
9.376182
9.567868
4.380752
4.336473
5.259175
7.683206
4.262335
4.382011
9.574905
4.167670
3.447251
10.236812
5.891816
3.431805
6.118490
5.553116
2.874964
3.568167
2.976453
4.036760
5.147452
2.259872
6.042230
4.448014
1.457199
3.277598
2.479536
2.883054
6.668992
3.908749
3.686449
2.023425
4.279593
7.015051
4.058678
5.275495
4.769063
7.223627
4.005424
11.681708
4.615567
5.380440
3.246638
6.079130
8.892699
3.737560
4.400017
7.238313
11.527787
5.460413
8.772061
2.782010
4.447117
4.804774
5.955606
6.781702
3.889445
2.978933
4.204717
7.182897
7.634190
6.265697
1.956486
2.014256
3.502842
2.997860
2.222797
3.488592
3.028717
3.073615
6.236394
5.606618
3.537917
4.943033
4.016153
11.918409
1.478885
4.532529
1.979473
9.562834
6.026983
8.076536
3.317108
6.126162
4.262838
4.961091
5.919576
5.110723
9.124478
5.244950
5.132756
8.248436
6.490723
2.807624
2.916338
2.896130
4.065751
10.321074
7.599129
3.314637
8.625142
5.547102
2.639390
7.405480
1.791567
5.444288
2.435308
7.256756
2.506704
3.519398
2.517005
3.374666
2.728397
8.251307
8.140299
4.520543
6.895428
6.599479
4.577003
4.203697
5.540135
7.780678
4.513068
7.867687
3.059007
2.724151
6.661678
5.568082
4.039591
1.951233
3.361827
7.940552
1.773747
2.480142
4.233244
3.749815
5.353864
8.522776
7.786571
4.551693
3.713907
6.164646
5.803639
3.615071
3.840828
3.294526
7.132933
3.638747
4.430594
6.300143
6.715776
6.951536
5.396235
1.335066
6.206986
2.729077
6.075672
6.798168
2.491744
5.334758
5.895941
2.640872
4.443379
4.296493
1.397886
6.616484
6.136121
3.435443
10.169812
6.601954
3.520996
6.722198
2.577551
13.099673
4.851457
3.541439
2.457520
7.324318
3.619168
4.277176
1.415693
1.725660
7.507643
3.631249
4.902549
8.052380
3.707240
9.882783
5.900225
4.552066
3.835021
3.718223
3.089747
13.328398
4.873817
6.256005
4.883948
8.680983
3.413153
1.803549
2.035527
12.095469
3.857049
4.690002
2.696514
2.196720
3.127782
5.113862
6.406586
2.485656
2.794736
3.919338
2.880226
11.731261
2.247605
6.126684
6.230502
3.316516
1.930516
1.588831
2.527409
2.037549
4.995285
3.374589
6.911487
4.776012
1.967843
13.171211
2.164235
4.056745
7.939817
2.077527
3.206918
7.200868
6.722129
5.516717
2.668088
9.526363
4.201267
1.789157
3.467058
3.240597
3.662362
4.862385
12.738903
6.341014
4.871538
2.518461
8.308928
4.821288
7.358831
6.359915
5.149250
2.859131
10.154126
0.776666
1.876659
4.819824
2.992831
9.492370
3.546282
3.130508
7.633040
4.432343
5.667944
3.358827
4.426676
6.345376
3.411820
5.307485
3.385705
7.527471
7.226637
4.261640
4.969361
3.930273
5.837095
5.181247
5.003793
8.151291
4.143390
6.119286
2.088374
6.728590
5.516687
3.570558
6.762498
6.083051
6.217467
10.242992
4.163973
4.801740
4.828406
2.251211
5.567873
6.140275
12.690019
3.599747
1.667488
3.337034
1.578231
2.367837
2.959047
4.997566
5.430129
6.560827
10.788039
4.206530
3.276508
3.759084
9.554827
4.959723
2.994598
5.502179
6.930490
3.546240
4.000866
4.730806
4.495538
6.118425
11.431721
7.704745
5.438372
4.263234
3.204709
6.169123
4.061598
7.086691
1.822963
5.806514
4.384683
4.467253
6.245002
3.655221
4.379429
3.785447
4.348588
9.126197
3.144849
1.735698
7.786520
12.940908
4.233316
3.093884
2.817947
6.136635
6.969076
4.108016
3.990133
3.013666
4.705251
5.516822
2.447005
2.283283
6.158972
1.990956
10.888649
3.873870
3.415020
4.206730
7.283623
2.496824
7.500897
2.264225
2.692176
10.112625
3.381043
4.124916
4.346069
11.486483
1.742664
3.028073
3.201253
4.469031
3.205404
2.770354
7.154640
7.110216
4.834899
10.644845
3.510978
4.119580
4.485870
4.142538
7.927859
3.303162
1.347420
11.322037
4.732089
6.721044
5.861767
4.624466
5.219255
4.863017
2.858414
5.224998
3.949899
3.669982
2.374409
3.001418
6.337949
2.241662
5.346390
7.356563
3.725605
2.791293
5.356905
7.231046
3.483503
6.833880
2.244990
10.046307
4.459426
4.457656
3.679410
4.484534
9.251536
11.644421
3.102240
3.282857
3.149781
7.932021
7.320330
3.504866
1.778453
2.807589
3.555550
3.328999
4.008802
2.590590
2.564419
3.156557
5.239921
5.199757
3.585579
5.961171
6.252756
3.016528
5.710412
5.640950
6.605056
7.206150
2.906670
6.505278
9.166049
4.936244
5.033616
2.387439
2.906415
5.910448
5.121670
4.406837
5.683643
3.745635
4.763825
4.572570
3.621042
12.999988
2.207171
6.083424
7.530584
7.604397
3.858732
6.659850
5.228910
6.935249
5.860804
4.748618
2.936571
3.363582
4.823480
5.486619
4.772037
4.782849
2.949809
4.921241
16.429670
6.104122
6.391634
2.101384
5.845419
1.893533
10.846295
2.996976
6.928794
4.624905
3.326282
1.841680
5.013948
1.582415
3.424973
2.733614
3.506473
4.736981
3.010884
4.903955
11.725037
2.753576
2.526109
6.043987
4.496064
3.261661
5.863714
3.834520
7.111097
3.888976
6.891745
4.511873
2.181568
7.084524
11.572078
8.626246
6.919977
7.400887
2.796520
5.752430
2.326608
5.500638
6.161917
1.225551
2.167924
3.873240
4.114511
3.915715
4.792349
4.144560
5.917266
4.828207
8.460794
5.526449
4.225833
4.694401
6.499998
6.891177
2.973707
5.198737
5.164341
4.197013
3.891117
6.176157
3.194892
1.802479
9.389998
4.337691
3.700112
2.327905
4.897923
1.878181
2.155481
6.413879
4.657313
1.837273
6.405374
5.521658
3.510036
2.067343
7.669329
8.325685
1.978639
3.653684
8.115767
3.267731
9.956383
7.880727
3.879332
4.424736
3.220305
7.227031
5.835417
3.229889
2.215378
9.461226
2.871653
2.210110
12.859869
3.215908
2.015661
6.135467
5.912739
3.401510
5.704448
4.084314
3.447052
5.487140
5.862459
1.996797
3.735755
5.627890
6.757542
2.531066
2.200870
2.448619
2.603185
3.938043
8.811525
3.686067
4.391151
6.573178
6.686075
10.839860
6.848742
1.423299
4.346843
8.542752
6.853569
2.605737
2.477887
1.875280
3.158631
2.305828
3.808440
6.706024
11.709756
12.877342
3.350743
3.036956
4.203402
8.038192
6.168128
3.466085
3.953685
2.195178
2.828735
2.828595
4.072245
3.130670
2.056835
2.538358
5.079383
4.363552
3.100982
4.541980
2.697115
5.520924
3.092436
7.103464
5.381505
6.327155
5.481767
5.884964
6.111944
3.760169
5.756944
7.625565
3.086209
7.107546
6.158860
6.043606
5.985828
7.391548
1.774362
3.582205
6.750181
3.239995
3.613382
6.319053
1.720907
5.134530
13.812937
1.384936
7.807104
6.834734
4.078111
5.769671
8.118125
7.046527
2.805177
5.105273
3.605042
5.787058
3.169322
4.726838
3.777144
18.899975
3.624584
7.548625
3.845105
4.596197
11.326238
2.386650
4.951883
5.655778
5.391393
5.262654
2.667101
3.015140
3.539793
2.600051
4.513242
3.059904
2.815570
4.793919
5.021013
3.403894
9.824738
5.275980
4.516724
11.095126
6.144938
1.982349
4.180195
4.321182
3.576591
6.783143
6.584454
4.547001
2.278503
2.660608
6.790235
3.383478
1.784865
2.951758
9.043963
9.564535
6.151004
8.353989
5.418897
7.128723
7.012781
3.003405
4.383233
3.472990
2.164885
6.854165
6.269323
4.262634
2.932028
4.324257
8.892236
2.855915
6.665118
3.706211
5.354223
14.676403
2.907434
9.702526
11.244452
3.958051
2.596206
4.851910
8.777162
3.592887
4.760155
5.242665
5.015057
5.421422
5.824694
14.988036
7.815330
4.038303
10.884550
9.910995
8.722852
4.469405
4.036821
6.717419
7.548343
2.432510
2.460214
3.949890
3.450879
4.715845
2.554970
2.282794
3.629192
2.731188
3.411232
2.368127
1.905139
4.410675
5.344697
5.029654
2.031889
5.500153
4.827326
9.994430
5.841643
3.828629
2.813571
6.218847
6.065626
3.574434
3.340948
4.090435
5.805561
4.045403
7.968679
3.115022
2.165249
14.160937
8.520031
8.320941
3.332923
2.474270
3.901424
3.113421
2.913385
5.970631
4.589398
5.681849
6.342653
4.368230
1.880050
6.900602
4.866071
5.045329
7.720129
3.343102
3.279359
1.999113
4.404725
2.072234
2.488273
6.840687
5.006978
6.694283
2.193690
7.509212
8.430001
6.104135
4.123633
6.383852
5.018047
5.504194
4.146780
3.921947
3.921380
10.804744
2.537932
4.743479
6.559608
8.514854
5.554949
3.254451
3.669930
1.019234
5.962920
6.079053
9.492462
2.290210
5.418645
4.717726
2.768325
8.248928
3.037100
7.748816
6.026306
3.015195
7.408189
4.071366
11.014931
4.075342
8.935581
3.787247
2.814011
3.118473
2.555871
4.415026
4.082516
4.622425
4.036406
2.270146
1.395004
3.008868
11.335511
4.777850
4.210553
6.850001
3.977025
3.043623
4.788168
1.165710
2.678135
2.709838
4.536451
3.338860
3.107157
6.613461
3.143900
4.202044
6.202099
5.524939
4.160912
4.749455
2.557184
5.015685
1.604851
3.008123
5.267797
5.168988
1.828858
8.561734
2.473455
3.486550
2.241918
10.841758
10.507806
5.165529
4.101357
1.702420
3.760133
4.824729
5.193669
5.583918
6.178239
4.483159
1.804721
3.358955
6.699073
3.364115
5.930704
4.699942
8.246690
3.034133
3.994850
2.455211
5.452432
2.584400
3.379057
15.284027
3.129489
2.330198
14.686930
3.479127
2.793250
4.240288
3.395689
4.562000
1.726093
4.759958
10.412578
5.696614
5.048671
6.885489
7.444768
2.267027
3.988495
6.614532
6.706154
2.800118
3.639632
10.705111
3.649697
2.749414
1.218830
3.077263
11.267838
4.783079
4.723188
2.987849
6.273527
3.993444
4.814108
2.939398
1.665179
3.173114
5.787150
